1273 4 -12.2106 -9.06945 -13.0806
1264 2 -11.2655 -8.80134 -13.4801
1272 4 -11.3076 -7.84577 -14.0459
1249 2 -10.1601 -8.83724 -12.3826
1265 2 -11.0203 -9.91527 -14.372
1242 4 -12.417 -7.5091 -11.2578
1275 5 -12.5873 -10.8082 -12.2208
1247 5 -14.1772 -9.23441 -10.2327
1250 3 -8.65534 -9.00381 -12.8297
1248 2 -10.4352 -7.50266 -11.4724
1233 2 -11.6613 -7.60468 -10.5363
1258 4 -10.3753 -9.66051 -11.6686
1234 3 -12.0061 -8.97367 -9.72378
1266 3 -11.1255 -11.3003 -13.6339
1243 5 -10.1293 -9.10683 -8.75454
1235 3 -11.0605 -9.56308 -8.92845
1239 3 -13.2646 -9.59787 -9.75057
1238 3 -13.4762 -10.8952 -9.22561
1237 3 -12.5911 -11.355 -8.32249
1246 5 -14.5378 -11.2857 -9.32676
1251 3 -8.21856 -7.90803 -13.5285
1267 3 -12.2242 -11.6449 -12.8274
1271 3 -10.3303 -12.4033 -14.1192
1268 3 -12.5362 -13.0922 -12.6038
243 5 -8.16135 -10.0508 -9.48011
1263 5 -8.04844 -10.8431 -11.8423
1255 3 -7.75431 -9.94171 -12.3758
1276 5 -13.1199 -13.3472 -11.7434
1270 3 -10.5351 -13.6641 -13.8286
1269 3 -11.6676 -14.0352 -12.9571
234 3 -8.81014 -12.0481 -9.36727
235 3 -8.16862 -10.9794 -8.89221
1278 5 -10.1339 -14.4658 -14.2302
242 5 -9.25581 -12.0418 -10.3198
233 3 -8.73322 -13.3668 -8.77887
241 5 -9.16042 -14.26 -9.26197
1236 3 -11.365 -10.6729 -8.1588
1245 5 -12.869 -12.3972 -7.93178
232 3 -8.19903 -13.4146 -7.44572
1274 4 -9.98387 -9.99234 -14.7374
1254 3 -6.40814 -9.86164 -12.7871
1262 5 -5.57809 -10.5085 -12.3326
237 4 -7.1622 -8.565 -8.53006
1252 3 -6.91088 -7.84369 -14.1032
1253 3 -6.01482 -8.91241 -13.7271
252 4 -5.54204 -9.91867 -9.33448
284 4 -1.61443 -8.85008 -11.5691
275 5 -5.78226 -8.12846 -10.6836
285 4 -2.82093 -7.99094 -12.1439
276 2 -2.19319 -7.94733 -11.3704
269 4 -3.61068 -9.99359 -10.5824
268 4 -2.31014 -10.1894 -9.50781
261 2 -2.81705 -8.03297 -9.97962
270 4 -2.11242 -7.64368 -9.33888
260 2 -3.11807 -9.49227 -9.64641
253 4 -5.11172 -11.3704 -8.67752
254 4 -3.88983 -8.43075 -7.97196
245 2 -3.87741 -9.55734 -8.22445
244 2 -5.21937 -10.347 -8.42281
255 5 -3.51808 -12.0589 -7.55373
229 2 -6.26406 -10.0912 -7.44303
230 3 -7.30105 -11.1606 -7.79174
1261 5 -4.996 -8.90981 -14.0385
1417 3 -2.81052 -14.5439 -11.2793
1416 3 -3.75631 -13.449 -10.9593
1415 3 -4.96085 -13.9109 -10.2726
1423 5 -5.65884 -13.1624 -9.89971
1424 5 -3.50687 -12.3656 -11.0662
1425 5 -1.8607 -14.2793 -11.7306
228 2 -6.7602 -8.64311 -7.56535
236 4 -5.96681 -7.90771 -7.54799
1383 3 3.2407 -12.6164 -13.0501
1384 3 2.37201 -12.086 -12.0568
1391 5 3.66601 -11.8593 -13.6621
1392 5 2.08618 -11.0177 -11.9665
291 5 0.832106 -8.01417 -13.1796
283 3 0.102549 -7.45365 -13.76
1382 3 3.41102 -14.0352 -13.0788
1385 3 1.58065 -12.9393 -11.2442
1393 5 0.858661 -12.4758 -10.5636
1380 3 2.04244 -14.2485 -11.0121
1390 5 3.96652 -14.4217 -14.0296
1365 3 3.7512 -11.7024 -9.51403
1373 5 4.5279 -12.3525 -9.86088
1364 3 2.72541 -12.0036 -8.6304
1366 3 3.87049 -10.5592 -10.1548
1374 5 4.72693 -10.396 -10.8494
1369 3 1.72998 -11.1048 -8.51585
1367 3 2.86505 -9.57564 -9.96418
1376 5 1.12026 -9.07051 -8.97807
1368 3 1.81746 -9.91261 -9.1132
1375 5 3.06282 -8.57963 -10.4271
1363 2 2.91193 -13.2603 -7.65349
1370 4 5.18921 -12.8932 -7.51062
1377 5 1.02934 -11.0864 -7.6296
1148 5 5.58613 -8.65585 -8.97476
1329 5 7.12613 -11.6336 -9.53811
1328 5 6.20602 -12.3624 -11.6881
1320 3 6.92468 -13.01 -11.2287
1321 3 7.36422 -12.676 -9.90162
1381 3 2.87469 -14.8128 -12.0152
1388 4 0.74089 -14.2223 -9.17465
1387 4 3.59111 -14.7907 -9.15341
1378 2 2.65519 -14.6548 -8.59979
1140 3 5.64848 -8.25942 -7.97221
300 4 0.649514 -7.47748 -10.9337
1379 2 1.51057 -14.8046 -9.6777
1319 3 7.19018 -14.1846 -11.9642
1327 5 6.78402 -14.1431 -13.0503
1147 5 7.46012 -9.35278 -7.72705
1324 4 9.62308 -14.3119 -7.93041
1300 3 12.2121 -13.8295 -7.90164
1315 2 9.01702 -13.3984 -8.05259
1299 2 11.4473 -12.584 -7.50989
1322 4 9.88355 -11.3571 -7.64112
1314 2 10.174 -12.2869 -8.21331
1305 3 12.9832 -13.9381 -9.1194
1323 4 10.3255 -12.1354 -9.29032
1313 5 12.9856 -13.1505 -9.88857
1307 4 12.1413 -10.8521 -8.7651
1298 2 12.2771 -11.3291 -7.73481
640 3 12.5237 -13.8912 -14.7473
1316 3 8.19959 -13.6862 -9.36016
636 3 11.8623 -14.5463 -12.4487
646 5 10.9777 -11.4474 -13.0693
638 3 11.3745 -12.3837 -13.3124
639 3 11.9776 -12.6685 -14.6208
645 5 10.7916 -13.3669 -11.3549
637 3 11.3088 -13.3939 -12.2912
1256 4 -10.6332 -6.63978 -12.0938
1257 4 -9.49019 -7.29129 -10.9048
1241 4 -11.9914 -6.69537 -8.65133
1226 4 -12.9119 -5.4886 -11.1106
1232 2 -11.7513 -6.52029 -9.64715
1224 4 -12.494 -4.28356 -8.38681
1223 3 -11.4977 -4.46209 -12.4535
1217 2 -12.3246 -5.32793 -10.2415
1230 5 -10.4968 -4.16269 -14.2506
1231 5 -12.3739 -4.99878 -12.9345
1240 4 -10.674 -6.16738 -9.35294
1218 3 -11.2957 -4.51312 -11.0132
1221 3 -9.26134 -3.43221 -12.7443
1229 5 -8.44683 -3.08555 -13.3537
1222 3 -10.4541 -3.97997 -13.2074
1219 3 -10.1417 -4.11541 -10.4827
1220 3 -9.20709 -3.53689 -11.2782
1228 5 -8.4193 -3.06254 -10.7581
1227 5 -10.2186 -4.09355 -9.31791
1210 4 -14.2418 -5.92298 -8.60541
1201 2 -14.5413 -4.91548 -8.95603
1216 2 -13.156 -4.29313 -9.25954
1225 4 -13.2671 -3.22498 -9.86151
904 5 -14.582 -2.61503 -12.3775
896 3 -14.0256 -1.5867 -12.4525
905 5 -12.3111 -1.9186 -10.9983
897 3 -12.8431 -1.25894 -11.6421
895 3 -14.8264 -0.657074 -13.129
954 5 -11.5217 -0.605415 -9.08168
1259 5 -8.88823 -7.1451 -13.8626
274 5 -7.0471 -6.30658 -11.386
277 2 -1.29446 -6.79232 -11.7532
286 4 -1.79624 -5.86568 -11.5983
278 3 -1.02112 -6.75866 -13.2584
267 3 -5.22027 -7.17545 -10.6786
262 3 -4.06355 -6.95483 -9.9432
301 4 -0.0581066 -6.6463 -9.60832
292 2 -0.0227027 -6.58329 -10.7648
271 5 -2.94965 -5.69818 -8.66011
1 1 -3.97942 -0.087971 -12.7364
266 3 -6.03386 -6.07303 -10.8566
273 5 -6.38294 -3.93947 -10.2581
265 3 -5.79003 -4.80535 -10.237
307 5 -0.437293 -3.7291 -8.9038
299 3 -0.681175 -3.38038 -9.87139
306 5 -1.86008 -1.8559 -8.92184
298 3 -1.56074 -2.2589 -9.7837
297 3 -1.7516 -1.61391 -10.9972
294 3 -0.286675 -4.02517 -11.0541
264 3 -4.66386 -4.73295 -9.44694
272 5 -4.61455 -3.87911 -8.68555
263 3 -3.84518 -5.72562 -9.36563
10 4 -3.86811 -1.46495 -13.8745
11 4 -5.16792 -0.797643 -13.1625
2 2 -4.2892 -0.510402 -13.6245
295 3 -0.454888 -3.31684 -12.242
303 5 -0.118656 -3.62967 -13.2638
515 5 -0.51433 -0.0753694 -9.44985
1260 5 -6.68283 -7.01368 -14.7676
296 3 -1.08203 -2.20299 -12.1356
305 5 -2.26161 -0.742844 -11.0181
279 3 -1.75845 -5.78643 -14.0829
287 5 -2.429 -5.03238 -13.5622
304 5 -1.26457 -1.71493 -13.0693
293 2 0.733131 -5.35571 -11.0319
302 4 1.14774 -5.32967 -12.0348
317 4 1.83303 -5.4871 -8.86051
319 4 2.61411 -3.4185 -10.6405
318 4 2.51022 -6.32276 -10.2001
308 2 2.10212 -5.39316 -9.97774
310 1 3.33444 -3.87753 -8.9505
309 2 3.12142 -4.21454 -10.0934
320 5 3.35111 -5.737 -12.5675
311 3 4.27655 -4.64251 -10.9695
312 3 4.26342 -5.4809 -12.0727
313 3 5.38495 -5.96772 -12.6951
321 5 5.45466 -6.47512 -13.6368
324 5 5.67309 -3.6583 -9.84847
316 3 5.55079 -4.22774 -10.6334
315 3 6.72305 -4.7089 -11.0926
314 3 6.62633 -5.46857 -12.3371
542 3 3.42509 -0.182779 -7.83241
541 3 4.53627 -0.896249 -8.3693
549 5 4.74988 -1.96826 -8.11827
524 3 1.22002 -0.199749 -13.8254
531 5 1.31107 -0.393228 -11.7622
540 3 5.46004 -0.252548 -9.15871
548 5 6.39815 -0.816431 -9.43588
1149 5 3.82081 -6.91203 -8.10723
1141 3 4.66277 -7.33014 -7.46217
532 5 1.15395 -1.30505 -13.672
1214 5 13.1657 -7.38101 -12.426
1215 5 14.415 -7.17725 -10.3271
1209 4 13.5776 -3.37748 -8.33074
323 5 7.65181 -4.32615 -10.6061
322 5 7.50394 -5.56585 -12.9854
1203 3 13.737 -3.95918 -10.8265
1212 5 12.7725 -3.27195 -12.5905
1211 5 14.0585 -2.99647 -10.5226
1195 5 10.6818 -4.45273 -8.17351
1204 3 13.029 -4.02869 -12.0212
1205 3 12.6918 -5.31542 -12.527
1202 3 14.2607 -5.07888 -10.2536
1206 3 13.2037 -6.46464 -11.8852
1213 5 12.0263 -5.48273 -13.4294
1207 3 13.9852 -6.34173 -10.7474
1196 5 9.4701 -2.57455 -7.53062
1194 4 12.8654 -5.69608 -7.85989
903 5 13.9016 -0.917241 -13.6163
1200 2 14.2205 -4.13792 -7.88777
898 3 -12.5329 0.165645 -11.563
906 5 -11.7235 0.47038 -11.0474
940 2 -14.71 3.79928 -9.02846
948 4 -14.6863 4.91604 -9.3199
894 3 -14.3862 0.70368 -13.1222
899 3 -13.2161 1.13284 -12.375
907 5 -12.8976 2.11679 -12.3775
967 4 -12.3856 5.76451 -8.84444
957 2 -12.5988 5.5525 -7.80461
941 2 -13.9461 3.34682 -7.81606
956 2 -12.5797 4.09161 -7.52507
31 5 -11.3379 3.84103 -13.7811
32 5 -9.44819 5.34238 -14.6189
24 3 -9.37082 4.28356 -14.7381
960 3 -9.99143 6.0638 -7.77638
968 5 -10.0272 5.92939 -8.87594
969 5 -7.92642 6.93298 -7.54813
949 4 -14.1514 3.26167 -9.83009
966 4 -11.8753 3.61055 -8.16451
916 4 -14.5723 3.26865 -12.1838
958 1 -13.3932 6.3233 -7.48622
613 5 -12.6343 7.31508 -10.9078
605 3 -13.691 7.35384 -11.2729
614 5 -14.5266 7.33543 -9.35425
606 3 -14.7514 7.37099 -10.4423
955 5 -12.474 1.8221 -9.42534
942 3 -13.5926 1.90357 -7.65104
1601 5 -8.8046 1.22557 -8.051
1602 5 -7.75715 3.35811 -7.6896
947 3 -12.8828 1.20741 -8.6108
946 3 -12.2082 0.000764389 -8.35471
22 3 -10.2586 2.13984 -14.175
30 5 -11.1118 1.50049 -13.7673
23 3 -10.4239 3.52783 -14.1356
3 2 -4.62173 0.379111 -14.7982
17 5 -4.36523 1.96819 -12.7013
4 3 -3.64778 1.49191 -14.7461
9 3 -3.78793 2.24152 -13.6247
7 3 -1.91646 3.51184 -14.4619
8 3 -2.88275 3.18345 -13.4376
15 5 -1.29252 4.44466 -14.3341
16 5 -3.01783 3.78136 -12.5798
27 4 -6.45732 1.32742 -13.8463
488 2 -3.5607 1.78925 -9.55885
487 1 -2.9725 0.883823 -9.271
499 5 -5.30565 4.4798 -9.87543
491 3 -4.88113 4.72766 -8.90373
489 2 -3.06577 2.97017 -8.80207
490 3 -3.76086 4.15308 -8.34617
498 4 -2.74728 2.40797 -7.90499
496 4 -3.5936 2.01428 -10.6507
497 4 -4.60355 1.62252 -9.25006
504 2 -1.74495 3.39248 -9.55049
513 4 -1.2085 4.27785 -9.21865
512 4 -2.23247 3.58168 -10.4598
514 4 -1.07317 1.75219 -10.4978
505 2 -0.602608 2.36121 -9.77548
506 3 -0.124685 1.74767 -8.55157
507 3 -0.306336 0.351905 -8.51367
492 3 -5.36551 5.87923 -8.18574
500 5 -6.2488 6.2928 -8.54225
551 5 2.56017 1.8861 -7.6236
522 3 1.39808 1.67702 -12.3664
546 4 3.44483 3.84929 -8.82993
537 2 3.88744 3.29124 -9.56585
536 2 2.97952 3.16668 -10.9329
521 2 1.74033 2.24992 -10.9781
545 4 3.5983 2.67255 -11.6357
544 4 2.80258 4.11021 -11.3478
530 4 1.87477 1.29338 -10.3389
523 3 1.0648 0.320208 -12.5502
520 2 0.485889 3.01885 -10.5243
529 4 0.119558 3.67333 -11.374
528 4 0.954238 3.73817 -9.88078
563 5 2.35729 6.6402 -9.7468
562 4 4.33205 6.08552 -10.7266
555 3 2.63232 6.54568 -8.67508
543 3 3.34611 1.26654 -8.14691
535 5 1.43769 3.55616 -13.497
527 3 1.66612 2.48039 -13.5867
538 3 4.20293 1.93376 -9.02009
547 5 6.05168 1.658 -10.0778
539 3 5.26755 1.14452 -9.48096
552 2 5.19781 4.23572 -9.77054
554 3 3.92287 6.08471 -8.44359
553 2 4.84617 5.74862 -9.76163
560 4 5.61327 3.96071 -10.7412
561 4 6.00242 3.98371 -8.99851
568 2 6.32287 6.44431 -9.72499
576 4 7.16595 5.68695 -9.45681
578 4 6.64225 6.24157 -11.6869
569 2 6.94646 6.97986 -10.887
577 4 6.54276 7.28497 -8.98966
556 3 1.68095 6.47832 -7.63502
564 5 0.587143 6.71105 -7.68714
920 5 8.95175 0.311173 -10.7482
921 5 8.12998 1.54471 -12.9023
918 4 13.8505 1.55079 -11.2267
893 2 14.4045 1.82997 -13.7456
909 2 13.2322 2.40717 -11.5312
908 2 14.0805 2.96289 -12.6509
902 4 13.3539 1.52941 -14.0842
932 4 13.4511 4.65009 -10.7991
925 2 13.4362 3.36775 -9.14886
917 4 13.6823 3.74998 -13.2812
912 3 9.70008 0.781363 -11.5593
913 3 9.05006 1.55357 -12.6995
924 2 12.9528 3.65138 -10.5039
919 5 11.4555 0.515484 -10.3211
934 4 13.3783 2.30722 -8.77791
911 3 11.0801 0.959298 -11.198
914 3 9.8105 2.39745 -13.3969
922 5 9.40578 2.88658 -14.3023
910 3 11.8747 1.88807 -11.9553
915 3 11.2243 2.58095 -13.0128
923 5 11.8086 3.26578 -13.6685
933 4 11.8949 3.93039 -10.5207
599 5 9.42755 5.24629 -13.4033
591 3 9.12588 6.04172 -14.2018
931 3 13.1048 5.63377 -7.61926
926 3 12.6272 4.36014 -8.14513
927 3 11.2278 4.22243 -8.18771
593 4 8.74959 5.85434 -10.7863
939 5 14.1347 5.8153 -7.555
584 2 8.56377 6.9307 -10.9332
600 2 10.9627 7.38751 -12.0567
609 4 10.9761 6.42628 -12.4147
586 3 9.07189 7.36757 -13.5318
935 5 10.748 3.34537 -8.57637
928 3 10.2953 5.14855 -7.51261
936 5 9.24253 4.79321 -7.52485
604 3 -14.013 7.57759 -12.7406
612 5 -13.1956 7.44459 -13.6247
1277 5 -11.8483 14.7311 -12.568
1442 2 -3.81928 10.6301 -14.5581
1404 4 -1.06313 14.0588 -9.31023
1396 3 -0.598032 12.5666 -7.90637
1412 3 -3.10313 13.7468 -11.2023
1413 3 -4.25415 13.4431 -10.3919
1434 4 -3.52143 11.3851 -12.059
1411 2 -2.05514 12.7337 -11.7788
1426 2 -2.6312 11.6618 -12.5591
1410 2 -1.23828 12.1074 -10.4701
1421 5 -4.57242 12.3926 -10.3945
1419 4 -2.19868 11.8575 -9.87881
1414 3 -5.28977 14.4543 -9.98271
1422 5 -6.14045 14.1087 -9.49359
1436 4 -3.89647 12.7092 -13.8572
1395 2 -0.584157 12.9824 -9.34949
1427 2 -3.18847 11.9823 -13.9856
1435 4 -2.04175 10.707 -12.608
1420 4 -1.41233 13.3674 -12.3978
1418 4 -0.890619 11.0171 -10.5695
1441 5 -0.649626 11.0199 -14.1273
1397 3 -0.967207 11.2697 -7.6068
1405 5 -0.830134 10.5205 -8.36841
1454 5 -7.19402 9.36979 -13.86
1444 1 -4.91169 9.8972 -12.8463
1453 4 -3.62499 8.90323 -13.2536
1443 2 -4.34284 9.46826 -13.6738
1445 3 -5.21127 8.56121 -14.6063
1446 3 -6.70437 8.51452 -14.3858
1394 2 0.815193 13.4392 -9.92387
1402 4 0.759329 13.3683 -10.9883
1403 4 1.64831 12.5199 -9.71248
1389 5 3.37259 13.7896 -11.849
1386 4 2.6854 14.1569 -7.99858
582 5 4.6126 10.2006 -13.0263
581 5 4.99403 12.0221 -11.2282
572 3 6.61816 10.8822 -10.4957
574 3 5.44515 10.0867 -12.3345
573 3 5.69615 11.2029 -11.3984
580 5 6.95371 11.4972 -9.80833
1340 4 6.97816 14.7689 -7.42333
571 3 7.04688 9.59388 -10.2316
575 3 5.81801 8.81251 -12.1801
583 5 5.46179 7.97353 -12.8458
570 3 6.66253 8.58618 -11.1534
1312 5 14.2866 14.5646 -10.4307
633 2 12.9254 13.3447 -13.8454
643 4 13.8736 13.2321 -13.3852
635 3 12.5263 14.8006 -13.6655
644 5 11.8804 14.433 -11.714
611 5 14.1872 7.70452 -14.2609
603 3 14.3558 7.69795 -13.1727
579 5 7.82906 9.29315 -9.47426
592 4 8.76739 7.46148 -9.96612
607 3 13.8097 8.0472 -10.8688
602 3 13.358 7.9381 -12.2636
615 5 13.1907 8.54186 -10.0105
626 4 13.6447 10.6315 -12.7481
585 2 9.43785 7.60314 -12.1071
587 3 8.43606 8.30813 -14.3346
610 4 11.9109 8.19032 -13.9019
1325 5 8.74569 13.9372 -9.45133
1318 3 7.719 14.4336 -11.2824
1317 3 8.30863 14.7524 -9.97049
594 4 9.3014 8.7224 -11.9801
608 4 11.2864 7.50325 -11.0255
1326 5 7.836 13.39 -11.6686
624 4 11.485 9.9797 -11.634
601 2 11.9666 8.26977 -12.7909
595 5 8.09296 9.27991 -13.953
625 4 10.5821 10.0619 -13.2188
616 2 11.6288 9.82926 -12.7234
642 4 12.1757 12.4123 -11.9876
641 4 11.2252 12.3142 -13.204
617 2 12.8164 10.7262 -13.3313
632 2 12.314 12.2145 -13.0549
1311 5 13.9399 12.4757 -9.01558
1304 3 13.7455 14.5652 -9.43953
1303 3 13.628 13.3542 -8.55719
1244 5 -10.7909 -11.0676 -7.26409
223 5 -10.4878 -8.24424 -5.85991
201 3 -10.412 -8.34138 -1.86062
208 5 -10.9492 -10.2608 -2.57195
200 3 -10.2877 -9.49113 -2.64131
203 3 -8.18288 -7.59372 -2.36479
213 2 -7.75556 -8.29909 -6.45765
222 4 -8.24908 -9.17883 -6.10967
198 3 -7.98622 -8.549 -3.40992
207 5 -9.14376 -10.402 -4.35877
199 3 -9.14743 -9.59473 -3.53626
231 3 -7.46636 -12.3429 -6.9343
1180 5 -14.0228 -10.5645 -3.45129
1172 3 -14.3659 -9.62065 -3.29703
1174 3 -14.3635 -7.63875 -1.89849
1181 5 -13.3862 -9.4153 -1.31532
1173 3 -13.9347 -8.94359 -2.09289
679 5 -9.86157 -13.3723 -1.07504
671 3 -10.053 -14.447 -0.723653
240 5 -8.30057 -14.4379 -6.8227
209 5 -11.0094 -8.46168 -0.990081
1459 1 -12.8577 -11.4111 -0.109073
247 3 -2.74289 -11.5874 -7.04464
246 3 -2.86151 -10.1621 -7.22668
248 3 -1.68841 -12.12 -6.18217
256 5 -1.6064 -12.9969 -5.92106
251 3 -1.82927 -9.40153 -6.64167
212 2 -6.78162 -7.84546 -5.29145
238 4 -5.93638 -10.2489 -6.43921
239 5 -6.96666 -12.4374 -6.04239
259 5 -1.81203 -8.3459 -6.96297
197 2 -6.71077 -8.85405 -4.07252
206 4 -6.43179 -9.9195 -4.48057
249 3 -0.781897 -11.2873 -5.6175
250 3 -0.805983 -9.94174 -5.80519
195 5 -2.7535 -10.0993 -2.89192
187 3 -3.42194 -10.9743 -2.74869
196 2 -5.37644 -8.62213 -3.20806
257 5 -0.00782826 -11.7352 -5.07386
220 4 -5.72142 -7.44444 -5.58032
204 4 -4.47013 -8.69437 -3.74659
184 3 -4.88066 -13.2503 -2.10768
182 3 -4.82949 -10.8404 -2.3702
191 5 -6.7175 -12.0315 -2.0075
183 3 -5.61378 -12.1132 -2.16782
189 4 -3.7189 -8.82681 -1.08909
190 4 -6.47569 -9.65056 -1.65111
181 2 -5.42672 -9.50714 -1.99741
205 4 -5.5267 -7.67673 -2.66262
192 5 -5.45932 -14.1523 -1.8527
194 5 -1.74342 -12.4279 -3.13389
186 3 -2.75735 -12.2705 -2.80561
185 3 -3.5384 -13.44 -2.59364
193 5 -3.32876 -14.5344 -2.74384
258 5 -0.150826 -9.22166 -5.45237
180 2 -4.75696 -8.90976 -0.773727
188 4 -5.08094 -7.84788 -0.645079
1372 4 2.13567 -13.1953 -6.99611
1362 2 4.2867 -13.0768 -6.9564
1371 4 4.04679 -12.2443 -6.17828
1347 2 4.67986 -14.2055 -6.00705
1331 2 7.37136 -14.5992 -6.40498
1354 4 6.39721 -13.11 -4.91156
1346 2 6.20707 -14.081 -5.47545
1357 5 4.42291 -12.6841 -3.7883
1355 4 6.12491 -14.7452 -4.54188
1348 3 3.65421 -14.3928 -4.86824
1349 3 3.66458 -13.4584 -3.8362
1350 3 2.70341 -13.4935 -2.91051
1358 5 2.72197 -12.7458 -2.1418
1351 3 1.71888 -14.3717 -2.94908
1359 5 0.963212 -14.3361 -2.23742
1139 3 6.86356 -8.56599 -7.30948
1138 3 6.9068 -7.96016 -6.00021
1145 4 6.86307 -10.2456 -4.97783
386 5 6.9049 -11.863 -0.770976
378 3 6.7461 -10.9289 -0.367269
393 3 2.00224 -8.89907 -2.35074
396 3 4.12659 -10.1558 -3.70991
395 3 2.8021 -10.3771 -4.16999
403 5 2.79677 -11.0255 -4.99966
394 3 1.68541 -9.87171 -3.42178
402 5 0.633137 -10.2025 -3.67322
405 5 5.36007 -9.35296 -2.03696
404 5 4.85881 -10.6978 -4.32863
397 3 4.32184 -9.39212 -2.4466
392 3 3.28118 -8.7164 -1.89703
391 2 3.58424 -7.6976 -0.804452
400 4 4.60767 -7.42799 -0.855116
401 5 1.23102 -8.47749 -1.72798
1338 4 7.43405 -12.6431 -6.8815
1330 2 8.1908 -13.3436 -6.76773
1308 4 11.2566 -12.4681 -6.43338
1297 1 13.2972 -11.6047 -7.41072
1306 4 12.068 -10.6318 -6.87553
1339 4 8.82099 -12.9882 -5.83683
387 5 8.80943 -10.4892 -1.25716
388 5 7.98491 -7.89452 -1.36733
379 3 7.8594 -10.1625 -0.719804
380 3 7.46892 -8.75402 -0.768943
1137 2 8.16155 -8.46096 -5.14842
1136 2 7.88046 -9.92311 -4.95316
1146 4 7.97764 -7.86224 -4.23339
1179 5 14.5173 -9.22677 -5.26704
1171 3 14.5731 -8.91118 -4.29839
1144 4 8.43615 -10.3869 -5.85853
1170 3 14.2703 -7.56822 -4.10996
1135 1 8.39885 -10.2335 -4.06741
1153 2 10.8971 -8.0719 -4.93464
1162 4 11.0706 -9.12618 -4.71561
1159 3 10.6052 -7.75351 -2.26576
1167 5 10.794 -8.87022 -2.03641
1160 4 9.67749 -8.62952 -6.62804
1152 2 9.55089 -7.97116 -5.76793
1177 4 12.5055 -8.62791 -6.20101
1168 2 12.1082 -7.77206 -5.80519
1068 5 9.22557 -14.5386 -1.16608
1345 5 9.59392 -14.6232 -4.7346
219 3 -8.16377 -5.93451 -7.04848
214 3 -8.6772 -7.21978 -6.73835
217 3 -10.2141 -4.88257 -6.7241
225 5 -10.8948 -3.96905 -6.57473
215 3 -10.0436 -7.2952 -6.40005
216 3 -10.7671 -6.12902 -6.49409
224 5 -11.8597 -6.12529 -6.18774
218 3 -8.94851 -4.76675 -6.84937
210 5 -9.46862 -6.86722 -0.8078
202 3 -9.41826 -7.40873 -1.70822
211 5 -7.45669 -6.8461 -2.17874
1182 5 -14.2059 -7.34426 -0.899224
1537 5 -12.7355 -4.64117 -4.69055
1208 4 -14.8282 -3.4233 -7.38042
226 5 -8.49415 -3.68957 -6.9384
1570 5 -8.01722 -4.06426 -4.67906
1562 3 -7.88095 -3.64031 -3.72313
1563 3 -8.6922 -2.59214 -3.16801
1558 3 -8.46593 -2.15842 -1.83455
1559 3 -7.60414 -2.83666 -1.07694
1567 5 -7.49481 -2.46242 -0.0471588
1550 4 -11.8438 -0.863865 -1.45293
1556 2 -10.103 -0.917189 -0.228913
1541 2 -11.6088 -0.47233 -0.498627
1529 3 -12.8812 -4.27766 -3.73014
1528 3 -13.8304 -3.2954 -3.43827
1536 5 -14.4781 -2.75073 -4.0534
1538 5 -11.464 -5.72382 -3.03603
1530 3 -12.2196 -4.92004 -2.70859
1531 3 -12.2648 -4.46933 -1.4544
1527 3 -13.8021 -2.78092 -2.07866
1571 5 -9.4489 -2.26237 -4.04507
1566 4 -9.36775 -0.28086 -2.45771
1557 2 -8.99833 -0.75698 -1.4438
945 3 -12.7077 -0.744925 -7.31612
953 5 -12.2968 -1.74198 -7.24552
944 3 -13.576 -0.256214 -6.53077
952 5 -14.0485 -0.667258 -5.62679
1539 5 -11.4936 -4.84665 -0.987437
1565 4 -10.1987 -1.92769 -0.00961913
1526 3 -12.9997 -3.31975 -1.09766
1535 5 -14.448 -1.90968 -1.89543
516 5 -0.108584 -1.5713 -7.25204
508 3 -0.174025 -0.460493 -7.23529
517 5 -0.298624 -0.266404 -4.97892
227 5 -7.16519 -5.78974 -7.06466
221 4 -7.08495 -6.97767 -4.79258
1569 5 -6.29773 -5.04448 -3.45223
1561 3 -6.84157 -4.17762 -3.00951
1560 3 -6.76635 -3.86431 -1.56857
1568 5 -5.91461 -4.27324 -0.925281
1581 4 -7.17798 -0.367748 -0.531195
550 5 2.77487 -0.75757 -7.15737
419 5 0.312648 -0.743924 -1.01543
1143 3 5.70564 -7.25969 -5.49172
1142 3 4.5395 -6.95227 -6.18637
1150 5 3.72359 -6.24063 -5.7966
1151 5 5.82978 -6.94794 -4.41731
418 5 0.110474 -2.40714 -3.02299
435 5 5.03252 -0.779357 -6.03861
436 5 3.92051 -0.00645378 -3.8507
428 3 4.72757 -0.717098 -3.87424
410 3 0.832673 -2.51639 -2.15364
427 3 5.25787 -1.2831 -5.08464
426 3 5.57495 -2.54932 -4.96319
425 3 6.00979 -3.20967 -3.68699
417 5 1.64547 -4.14262 -3.20918
409 3 1.67977 -3.62388 -2.26807
429 3 4.66215 -1.54412 -2.70663
437 5 3.84755 -1.29817 -2.05634
434 5 5.47727 -3.13864 -5.76531
411 3 0.826244 -1.6701 -0.950228
416 4 3.93933 -5.3778 -2.52599
424 3 5.49424 -2.65921 -2.43319
433 5 6.74999 -3.98208 -3.75449
407 2 3.58192 -5.10314 -1.45368
408 3 2.71893 -3.82738 -1.42766
431 4 5.83193 -5.33241 -1.23184
406 2 2.88213 -6.31255 -0.896229
422 2 5.06238 -4.73219 -0.868727
438 2 7.07406 -2.98571 -0.398385
423 2 5.68919 -3.31455 -1.02505
415 4 1.87045 -6.35782 -1.39051
432 4 4.96407 -2.67081 -0.591956
413 3 2.71896 -2.99033 -0.248199
448 4 6.58538 -0.754596 -0.1358
439 2 7.39232 -1.44539 -0.11014
1197 5 9.84634 -1.04737 -5.70558
1187 3 11.0002 -4.0935 -7.25527
1188 3 10.1712 -2.94895 -6.83836
1189 3 10.5445 -2.00998 -5.79211
1190 3 11.7131 -2.30212 -5.12924
1198 5 12.1543 -1.5206 -4.42663
1186 3 12.0232 -4.34652 -6.36323
1175 3 14.4352 -6.96448 -2.89833
1158 3 10.6306 -6.81274 -1.13129
1166 5 10.9417 -7.09668 -0.054108
1183 5 13.7873 -6.1542 -2.41485
1157 3 10.6715 -5.46539 -1.3973
1161 4 9.33656 -6.92371 -6.1662
1192 4 14.7453 -6.38811 -6.55823
1193 4 14.5703 -5.13833 -5.3652
1184 2 14.0544 -5.93963 -6.04112
1191 3 12.3672 -3.49762 -5.29931
1199 5 13.2174 -3.80543 -4.64453
1185 2 13.2325 -5.06358 -7.03904
1164 5 10.3833 -3.89461 -3.03722
1155 3 10.3305 -5.93386 -3.79727
1156 3 10.3461 -4.94631 -2.76832
1163 5 10.4652 -5.63699 -4.85772
1169 2 13.1987 -6.94172 -5.0467
1178 4 12.5659 -6.20133 -4.5228
1176 4 11.8672 -7.10836 -6.59348
1154 3 10.5624 -7.27297 -3.54726
447 4 7.87888 -3.29931 -0.987516
1165 5 10.9015 -4.69909 -0.632909
450 5 11.6051 -0.793374 -2.05523
442 3 10.5429 -0.653354 -2.10876
441 3 9.56496 -1.3991 -1.34485
440 3 8.28016 -0.860152 -1.20995
449 5 9.97415 -2.23511 -0.777382
959 3 -11.2407 5.92035 -6.94585
964 3 -11.3494 6.45007 -5.64106
950 4 -14.5793 3.67045 -7.03981
963 3 -10.1609 7.00637 -5.19455
961 3 -8.84287 6.53679 -7.14085
962 3 -9.0019 7.01646 -5.85007
1551 5 -12.1055 0.559764 -3.09421
1542 3 -11.6187 0.970304 -0.793045
1543 3 -12.0441 1.29446 -2.26183
1544 3 -12.1029 2.61897 -2.56869
1552 5 -12.1934 3.0845 -3.57067
1572 2 -8.03262 0.245615 -0.882008
1599 5 -9.64533 1.16022 -3.77803
1545 3 -12.0091 3.64834 -1.61816
1553 5 -12.379 4.63716 -1.77812
1600 5 -9.62492 0.130967 -5.9919
1592 3 -9.31839 1.12063 -5.82073
1597 4 -9.33648 2.21742 -1.92409
965 4 -12.3335 4.03016 -6.47547
1546 3 -12.0131 3.30851 -0.287383
943 3 -14.0464 1.17503 -6.5786
1591 3 -9.2936 1.67996 -4.51739
1593 3 -8.73208 1.65792 -6.96137
1594 3 -8.21739 2.88598 -6.75281
1588 2 -8.3144 2.62495 -1.96216
1596 4 -8.20555 3.16139 -0.992676
1604 2 -9.16541 4.77969 -2.99268
1613 4 -9.35691 5.20657 -4.02532
1614 4 -10.1267 4.48677 -2.6713
1606 1 -8.30175 5.36588 -1.22685
1590 3 -8.40813 2.81207 -4.41014
1595 3 -8.18195 3.46127 -5.58254
1603 5 -7.50195 4.1871 -5.51628
1615 4 -9.52599 6.36474 -1.74107
1589 2 -8.33147 3.45669 -3.13471
1598 4 -7.43965 3.86522 -3.18546
1605 2 -8.58863 5.84165 -2.09518
1607 3 -7.57307 6.78333 -2.64172
972 5 -12.1897 6.54761 -4.88593
951 5 -14.7433 1.57352 -5.8359
509 3 -0.282172 0.261852 -5.9661
495 3 -3.17503 4.68876 -7.15207
503 5 -2.22763 4.37498 -6.61778
518 5 -0.266508 2.22781 -5.13827
511 3 -0.0526733 2.38112 -7.39255
510 3 -0.187541 1.71514 -6.09283
1583 5 -5.04933 1.46521 -3.61838
1575 3 -4.85265 1.70485 -2.59227
1576 3 -3.47447 2.07179 -2.23054
1584 5 -2.66641 2.03349 -2.96249
1585 5 -2.08925 2.88233 -0.328719
493 3 -4.65087 6.55568 -7.24327
494 3 -3.57415 5.90927 -6.64456
1582 4 -7.39842 0.774759 -2.93104
1573 2 -7.29599 1.31454 -1.90328
502 5 -2.9295 6.29553 -5.91877
1574 3 -5.83856 1.75465 -1.63463
1620 5 -5.86075 5.34187 -2.93307
1579 3 -5.44579 2.36039 -0.40286
1577 3 -3.11304 2.62649 -0.858361
1578 3 -4.1821 2.75924 -0.0399792
1612 3 -6.24946 6.35173 -3.01629
1611 3 -5.23522 7.21022 -3.39442
1619 5 -4.19265 6.80093 -3.54177
519 5 0.0949392 3.44798 -7.38748
559 3 4.33322 5.84271 -7.08963
567 5 5.14252 5.16167 -6.91204
453 5 6.90918 0.59693 -1.86431
565 5 1.3075 6.15732 -5.52703
557 3 2.06961 6.25833 -6.241
558 3 3.36764 5.79946 -6.09729
1128 4 5.80216 5.72936 -1.78009
1130 5 6.70545 5.1703 -3.84303
1127 4 6.83217 6.42488 -0.5489
566 5 3.67379 5.09909 -5.26736
1113 5 2.81652 7.007 -2.32124
1112 4 4.40708 6.76668 -0.460843
1118 2 6.2161 6.74601 -1.36807
930 3 12.2342 6.63313 -7.00938
452 5 8.72044 1.95364 -3.33412
443 3 10.1008 0.478865 -2.74668
451 5 10.8384 1.16925 -3.12711
444 3 8.75409 0.892552 -2.86837
445 3 7.76539 0.124949 -2.16928
1131 5 8.62277 3.90559 -5.08757
1123 3 8.93217 4.68382 -4.38755
1122 3 7.82459 5.36677 -3.73742
1121 3 8.16486 6.51548 -2.99697
1124 3 10.2597 4.96303 -4.17717
1132 5 11.0507 4.36091 -4.67569
1126 3 9.52195 6.78055 -2.72216
1125 3 10.5058 6.08329 -3.36853
1133 5 11.4718 6.37153 -3.08293
929 3 10.8746 6.30283 -6.83743
937 5 10.025 6.98773 -6.58859
469 5 9.74319 2.29701 -0.160259
971 5 -10.3291 7.41577 -4.12682
970 5 -8.22662 7.71122 -5.44024
675 4 -10.8083 10.6257 -1.79964
666 2 -11.0755 10.2763 -0.83228
659 4 -12.7038 12.1106 -2.28107
650 2 -13.0463 11.6882 -1.35748
651 2 -12.6054 10.3309 -0.824485
649 1 -12.7059 12.4593 -0.680833
660 4 -13.3524 9.80072 -1.53835
658 4 -14.1811 11.7345 -1.58603
668 3 -10.2143 12.5391 -0.0742512
677 5 -9.51707 12.3138 -2.16528
669 3 -9.80669 12.9207 -1.37522
690 4 -8.3805 10.7935 -0.861176
670 3 -9.82178 14.3238 -1.73209
678 5 -9.56666 14.7321 -2.66771
1616 5 -8.67206 8.42737 -2.25913
1608 3 -7.78202 8.10703 -2.78733
674 4 -10.7174 9.3193 -1.18981
1409 5 -0.228782 14.5129 -7.3325
1401 3 -0.569723 13.5503 -6.88166
1408 5 -1.40149 14.1475 -4.99778
501 5 -4.72995 7.58059 -6.88125
1609 3 -6.71988 9.00816 -2.89522
1617 5 -6.77171 10.16 -2.87688
1400 3 -1.2566 13.3757 -5.74624
1618 5 -4.68697 9.22218 -3.35095
1610 3 -5.52931 8.57462 -3.48609
1399 3 -1.57739 12.0718 -5.34065
1407 5 -1.80632 11.7571 -4.36055
1398 3 -1.28576 10.9412 -6.22994
1406 5 -1.68831 9.99468 -5.98215
1341 5 6.74615 12.3383 -6.45789
1356 4 4.76256 14.5404 -6.62993
1115 5 2.61717 10.6376 -4.21098
1114 5 1.74729 8.14371 -3.94783
1106 3 2.50638 8.79089 -3.29038
1105 3 3.06569 8.04918 -2.29263
1107 3 3.07194 9.94168 -3.53206
1352 3 1.65829 14.1814 -3.84417
1361 5 2.50746 13.2814 -5.60168
1353 3 2.63446 14.1712 -4.92433
1360 5 0.956325 13.3992 -3.85918
1104 3 4.31925 8.4629 -1.72583
1103 2 5.1087 7.5915 -0.78154
1116 5 4.50456 11.6243 -3.1161
1108 3 4.1535 10.5462 -2.78327
1117 5 5.87062 10.0064 -1.72303
1109 3 4.88879 9.66782 -1.99398
1129 4 6.44415 7.75259 -3.27233
1119 2 7.15113 7.44078 -2.47604
1084 5 4.06266 14.6529 -0.867846
1085 5 5.95579 12.8966 -0.398329
1332 3 8.08028 13.8866 -5.72524
938 5 12.7134 7.51864 -6.63873
1333 3 7.56572 12.5551 -5.79141
1342 5 7.81026 10.459 -5.05572
1334 3 8.18032 11.5163 -4.98096
1302 3 12.8536 13.5255 -7.36471
1301 3 12.1241 14.6757 -7.09154
1309 5 11.59 14.7463 -6.17692
1310 5 12.8319 12.7367 -6.64033
1134 5 9.75812 7.63503 -2.02659
1120 1 7.66433 8.407 -2.09835
1337 3 9.23005 14.0974 -5.06402
1344 5 10.8253 13.0216 -4.09953
1336 3 9.85856 12.9735 -4.40702
1067 5 10.8508 13.1816 -1.66297
1335 3 9.28894 11.8023 -4.30687
1343 5 9.73808 10.8864 -3.82859
1060 3 9.33062 14.2457 -0.631641
1059 3 10.2052 13.2068 -0.984261
1058 3 10.3867 12.1471 -0.0887042
1066 5 11.2631 11.3756 -0.17181
680 5 -10.4948 -13.9248 1.30724
672 3 -10.4175 -14.8117 0.5502
1461 2 -12.1948 -11.2386 1.84257
1469 4 -11.1758 -11.834 0.247792
1460 2 -12.219 -11.9644 0.521517
1468 4 -12.5385 -13.021 0.703575
1470 4 -11.3174 -11.4374 2.44951
1476 2 -12.0458 -9.78734 1.5535
1484 4 -11.3088 -9.58317 0.793685
1462 3 -13.4151 -11.6443 2.79925
1467 3 -14.6585 -10.9985 2.81948
1477 2 -12.0232 -8.78086 2.77718
1486 4 -10.9766 -8.63246 2.98236
1485 4 -12.9377 -9.47108 1.03017
1471 5 -12.1348 -13.1892 3.77669
1463 3 -13.1032 -12.7031 3.81602
1478 3 -12.5136 -9.26019 4.12123
1483 3 -13.5791 -8.7581 4.8549
1491 5 -14.2399 -8.08005 4.28334
1464 3 -14.0297 -12.8789 4.88135
1472 5 -13.9392 -13.8765 5.50684
1482 3 -13.8571 -9.43477 6.07499
1479 3 -11.6057 -10.1513 4.76368
1487 5 -10.6876 -10.2644 4.39864
1492 2 -12.3988 -7.45621 2.3019
1500 4 -13.4068 -7.49577 1.78218
1481 3 -12.9835 -10.3905 6.59698
1480 3 -11.7578 -10.4769 6.06922
1488 5 -11.0661 -11.0779 6.55964
179 5 -2.7396 -11.1317 1.38411
164 2 -6.40702 -9.8368 1.19658
163 1 -6.6048 -9.12529 1.98652
172 4 -6.61608 -10.7421 1.76104
173 4 -7.20349 -9.69634 0.444898
165 2 -4.91196 -9.84988 0.61987
170 3 -1.51121 -9.61711 2.27022
174 4 -4.62371 -10.8999 0.416118
166 3 -3.87331 -9.30704 1.58002
171 3 -2.73068 -10.0921 1.65254
167 3 -3.71842 -7.93599 1.93321
168 3 -2.48802 -7.41579 2.46749
169 3 -1.31821 -8.20797 2.61665
178 5 -0.73174 -10.3204 2.42329
177 5 -0.23257 -7.79174 2.68879
711 5 -2.3493 -14.7496 0.732812
710 5 -4.69689 -14.6141 1.55642
385 5 4.8115 -10.9577 0.625734
377 3 5.70401 -10.49 0.439236
399 4 2.92057 -9.44167 0.434602
381 3 6.49082 -8.20568 0.051102
376 3 5.75772 -9.21015 0.844426
390 2 3.34794 -8.3937 0.600765
372 5 5.7829 -14.1103 5.83473
1083 5 3.07499 -13.9599 0.854771
370 5 2.47046 -12.1678 7.1006
363 3 4.24394 -12.9513 6.54093
371 5 4.19511 -13.6566 7.30487
362 3 3.3771 -11.9082 6.54978
352 4 7.07261 -9.19366 6.15433
369 5 2.88674 -9.94424 5.55061
361 3 3.70109 -10.7735 5.67693
343 2 6.95659 -8.35282 5.50901
367 4 4.61712 -8.19952 5.56045
364 3 5.28793 -13.154 5.65012
358 2 5.50571 -8.45237 4.8532
359 2 5.22649 -9.67979 3.92594
360 3 4.80903 -10.8964 4.8657
365 3 5.61435 -12.0172 4.83247
383 4 3.51118 -10.2823 2.85743
373 5 6.57743 -11.976 4.25771
375 2 4.51768 -8.65818 1.5533
398 4 2.56349 -7.97141 1.19892
374 2 4.03253 -9.28705 2.90893
368 4 6.11137 -9.86364 3.31847
366 4 5.40654 -7.63651 4.23252
384 4 4.72111 -7.61555 1.87713
382 4 3.13275 -8.83092 3.46297
353 5 7.38341 -8.07845 2.85995
1075 3 3.67576 -14.7708 1.2315
1490 5 14.7593 -9.31592 6.42726
1032 4 9.95894 -13.47 6.56673
1048 4 8.91439 -14.6249 4.68271
344 3 8.29517 -8.64416 4.67658
1051 5 12.4105 -11.7769 0.746168
1474 5 13.2084 -10.6918 4.00312
1466 3 14.112 -11.1993 3.91708
1475 5 14.7916 -10.1409 2.24393
1052 5 9.94125 -11.7158 1.24197
1045 3 9.93101 -13.3942 2.51369
1023 2 10.3521 -14.3949 6.94571
1053 5 8.92689 -13.281 2.67667
357 5 9.38608 -9.66154 6.34817
349 3 9.3087 -9.53057 5.18378
1047 4 11.6217 -14.2737 5.34572
1043 3 11.9227 -12.5125 1.33715
1044 3 10.5613 -12.5538 1.56158
1473 5 13.5863 -12.3508 5.54397
1465 3 14.4145 -12.2793 4.81533
345 3 8.37026 -8.31479 3.33012
356 5 11.1164 -10.7999 4.76864
348 3 10.3361 -10.0152 4.35383
347 3 10.4497 -9.64701 3.02459
355 5 11.3274 -9.96437 2.4355
346 3 9.40045 -8.74686 2.56134
1033 5 11.8604 -12.2489 6.98548
354 5 9.424 -8.46294 1.47565
1069 5 7.99163 -14.7097 0.907809
1040 3 10.5899 -14.3423 3.28708
1050 5 13.6332 -13.4789 2.19612
1042 3 12.5612 -13.5273 2.15223
1041 3 11.9944 -14.4761 3.0816
1540 2 -12.7066 -1.13068 0.468882
1549 4 -13.6715 -0.525742 0.440819
1501 4 -11.722 -7.3359 1.33227
1493 2 -12.2398 -6.29995 3.25011
1502 4 -13.0713 -6.3818 4.00011
1516 4 -11.7456 -4.5738 2.0609
1517 4 -12.3954 -4.23396 3.43432
1508 2 -12.5604 -4.91324 2.67701
1534 4 -11.9867 -3.33171 0.683788
1509 2 -13.9852 -4.6943 1.74602
1524 2 -14.1796 -3.2418 1.13287
1532 4 -14.5839 -2.50478 1.81777
1525 2 -12.8854 -2.71074 0.399586
1548 4 -12.4394 -0.882921 1.43715
1523 5 -14.4704 -4.28859 4.33473
1518 4 -13.9312 -5.33995 0.884188
1494 3 -11.1194 -6.35563 4.26305
1503 5 -9.6115 -6.82883 2.78534
1495 3 -9.80176 -6.49856 3.75489
1496 3 -8.76375 -5.91804 4.46174
55 3 -9.78573 -1.94849 6.36385
63 5 -10.0445 -2.7561 5.72845
54 3 -8.49704 -1.42802 6.15715
53 3 -8.0116 -0.428598 7.03678
1498 3 -10.0517 -5.73991 6.44971
1499 3 -11.2275 -5.93166 5.61224
1507 5 -12.3076 -5.62416 6.03686
1504 5 -7.71208 -5.64632 4.11186
62 5 -7.92686 -1.68405 5.26895
1497 3 -8.78611 -5.78907 5.91671
1505 5 -7.86561 -5.63385 6.46103
1564 4 -9.88078 -0.49143 0.802625
175 5 -4.59842 -7.27686 1.80204
176 5 -2.46517 -6.32829 2.4794
389 5 6.20161 -7.21228 0.134659
342 2 7.0212 -6.91194 5.90626
350 4 6.07965 -6.452 6.34722
412 3 1.91574 -1.90732 0.0241201
351 4 7.17694 -6.39009 4.97781
414 4 2.48048 -6.01385 0.163103
430 4 5.19857 -4.90156 0.236908
421 5 3.38741 -3.25209 0.595956
446 4 7.21773 -3.66479 0.47369
807 5 3.73537 -0.690749 6.09178
420 5 1.88183 -1.3579 0.871514
463 4 7.40369 -1.35676 2.21344
327 2 7.96898 -6.71535 6.96759
336 4 8.76429 -7.31304 6.57082
1515 3 14.3925 -4.82008 3.89084
1533 4 14.5563 -3.39684 0.499034
1510 3 14.5389 -5.19974 2.56465
1514 3 13.3845 -5.25625 4.78547
1511 3 13.4432 -5.91411 2.00697
1519 5 13.3782 -6.3414 1.01171
480 4 10.6102 -0.943191 2.68077
462 4 8.63803 -2.14429 1.45039
1513 3 12.5077 -6.18511 4.26505
1512 3 12.5247 -6.46082 3.01442
1520 5 11.8562 -7.23902 2.73472
464 4 9.99862 -0.12186 0.737443
454 2 8.13501 -1.2373 1.32392
479 4 9.21712 -0.562002 3.55359
470 2 9.96225 -0.119367 2.90297
341 5 9.55209 -5.18973 5.22089
1521 5 11.9298 -6.55528 5.02152
328 3 8.24219 -5.25077 7.11837
1522 5 13.5161 -5.31621 5.90602
333 3 9.06785 -4.69427 6.09719
331 3 9.19053 -2.53014 7.11808
339 5 9.78825 -1.65107 7.07379
332 3 9.53759 -3.42186 6.1779
340 5 10.5178 -3.21686 5.57673
873 5 13.8442 -0.810292 7.33554
1547 3 -11.7149 2.01858 0.184302
1554 5 -12.1775 4.20428 0.309623
1555 5 -11.6327 1.83066 1.29621
1580 4 -8.09318 0.635502 0.177249
95 5 -8.05016 4.17672 1.59249
79 5 -11.7695 0.692638 3.39204
78 5 -13.1474 1.80353 4.81628
71 3 -11.2369 1.24778 4.16331
69 3 -11.4417 2.297 6.26397
70 3 -12.1362 1.8247 5.13891
77 5 -11.9501 2.70583 7.14261
68 3 -10.025 2.49369 6.22689
89 3 -9.55484 4.81885 4.58365
88 3 -9.40456 4.36642 3.21999
96 5 -10.228 3.90258 2.57601
97 5 -10.5734 5.02942 4.86336
84 3 -8.42988 5.28958 5.31033
87 3 -8.19556 4.51258 2.54373
72 3 -9.87561 1.23736 4.20155
73 3 -9.23181 1.84378 5.28067
76 4 -8.37772 3.17497 7.26004
80 5 -9.43778 0.662381 3.44769
83 2 -8.735 5.66112 6.94449
81 5 -8.14985 2.0679 5.16506
848 3 -14.607 4.23647 5.66632
98 2 -9.21564 7.22001 6.8522
107 4 -10.1915 7.22457 6.42526
91 4 -10.8207 4.87006 7.31324
856 5 -13.888 4.87757 5.252
855 5 -14.577 5.39688 7.33633
86 3 -7.14274 5.21485 3.04227
85 3 -7.1938 5.6596 4.44821
93 5 -6.44024 6.47596 4.6369
94 5 -6.22597 5.23696 2.48262
1587 5 -6.24392 2.33806 0.313134
1586 5 -4.12413 3.06724 0.981938
61 5 -7.19481 0.276056 6.78701
742 5 -3.47767 4.76463 3.05224
735 3 -4.00977 4.21014 5.0476
734 3 -3.6185 5.10788 4.02892
733 3 -3.34398 6.39584 4.50063
732 3 -3.70635 6.74285 5.84667
737 3 -3.93528 5.77575 6.66439
743 5 -4.01312 3.12237 4.83962
736 3 -4.17596 4.51359 6.35793
744 5 -4.25031 3.63397 7.07445
741 5 -2.85173 7.07958 3.89547
756 4 -1.34467 6.9042 6.71638
786 4 -0.0269222 5.0464 6.98018
805 4 -0.371029 1.32037 7.27561
796 1 -0.636106 2.90474 6.58057
810 5 0.863194 3.17331 4.63468
808 5 4.44845 0.529998 4.04487
797 3 1.23273 1.73599 6.11904
798 3 2.05924 0.605566 6.60979
459 3 7.21518 3.97001 1.35034
799 3 3.19467 0.221362 5.88365
802 3 1.30507 2.18035 4.83756
801 3 2.55566 1.80876 4.08515
800 3 3.43475 0.823704 4.54077
466 5 5.56849 3.07893 2.59079
773 5 1.16685 5.85222 4.76205
774 5 3.10815 4.80118 3.18841
766 3 3.1282 5.35782 4.09797
765 3 2.16748 5.85842 5.07591
776 5 5.76016 6.00155 6.2872
775 5 5.18774 5.13714 4.02047
768 3 4.77218 5.97747 5.90542
767 3 4.46166 5.56852 4.546
764 3 2.52098 6.34202 6.40823
467 5 6.84115 5.0266 1.51236
809 5 2.84878 2.22468 3.13661
458 3 6.42509 2.87932 1.93888
1100 5 1.12855 6.58348 1.84637
763 2 1.32958 6.76645 7.33121
1101 5 3.52756 7.05848 2.24372
769 3 3.85604 6.50876 6.77274
465 5 6.45032 0.791549 2.31019
457 3 7.04178 1.58007 1.82748
795 2 0.122892 2.23695 7.15539
788 4 2.13375 3.86291 7.41447
482 5 12.7088 0.295236 2.33306
455 2 9.15762 0.0200318 1.52234
857 5 14.6904 2.74006 4.2797
849 3 14.2944 3.18793 5.12518
847 3 14.4912 4.62293 6.87685
468 5 9.1071 4.68072 0.448198
460 3 8.52437 3.80239 0.628176
483 5 14.7832 1.57531 1.05481
476 3 13.6573 3.1738 0.871055
475 3 13.6629 1.89234 1.19861
484 5 14.4099 3.76459 0.34407
477 3 12.4492 3.86034 1.31669
485 5 12.3435 4.87484 1.07321
474 3 12.6874 1.22893 1.89105
478 3 11.4573 3.22567 2.11915
486 5 10.6552 3.78005 2.4738
473 3 11.4803 1.87541 2.18864
481 4 9.6301 2.01648 3.344
461 3 9.00681 2.48098 0.533721
472 1 10.9235 1.2219 4.20665
471 2 10.503 1.38357 3.24561
456 3 8.40202 1.4107 1.3227
850 3 13.1304 2.56444 5.51114
858 5 12.748 1.67305 4.90869
843 5 9.66204 4.6718 5.98125
842 5 7.82499 3.39858 6.26502
851 3 12.6797 2.91003 6.78772
859 5 11.6963 2.51536 7.12191
834 3 8.43788 3.60122 7.17311
835 3 9.42723 4.51576 7.02518
838 4 11.6143 6.25863 6.82661
653 3 -14.5355 9.99175 0.923394
652 3 -13.1955 9.77707 0.592949
667 2 -10.2252 11.0903 0.161244
681 5 -10.7608 13.3456 1.81224
673 3 -10.3424 13.5426 0.832891
655 3 -14.4233 8.85549 3.0025
694 5 -8.9595 13.7834 4.8589
106 4 -8.51235 7.54592 5.98185
665 5 -11.3746 9.00228 1.50632
656 3 -13.0665 8.60282 2.80019
657 3 -12.4893 9.11216 1.64119
691 4 -8.72175 9.4187 0.11598
676 4 -10.7168 10.8906 1.06696
682 2 -8.82909 10.464 0.0530613
685 3 -8.42408 12.4626 3.16819
693 5 -7.93104 13.3696 2.73605
683 2 -7.73536 11.0834 1.1046
696 5 -9.93625 9.38419 4.75099
697 5 -8.87422 9.12805 2.65618
688 3 -9.56973 10.2389 4.32684
689 3 -8.76131 10.0306 3.21925
684 3 -8.33767 11.1867 2.55462
687 3 -9.60748 11.5791 5.05613
686 3 -9.1288 12.6927 4.36087
122 4 -8.97435 9.72237 7.32384
695 5 -9.92306 11.6957 6.03045
664 5 -12.4715 7.95166 3.43571
712 5 -1.25496 12.5144 0.234056
1099 5 -0.453423 8.46162 0.956335
747 2 -0.980311 7.86442 7.18128
740 4 -3.77639 8.20793 7.3879
731 2 -3.53532 8.28028 6.36905
692 4 -7.33736 12.0963 0.751053
707 4 -6.97206 9.23668 1.25295
713 5 -2.77524 10.5745 0.723062
709 5 -5.82643 12.8809 2.43133
698 2 -6.46399 10.1369 1.0776
704 3 -2.23852 12.7264 0.728627
703 3 -2.9211 13.9534 0.945473
702 3 -4.24502 14.0395 1.35475
706 4 -5.93366 10.0612 0.0712393
722 4 -5.74822 9.03127 3.56382
699 2 -5.17067 10.3844 1.95312
723 4 -5.84337 10.9716 3.84546
726 5 -0.358223 12.2261 2.85721
725 5 -1.44898 10.3669 3.09782
724 4 -3.62536 9.16959 3.75639
718 3 -1.17485 12.3711 3.42065
717 3 -1.92483 11.197 3.54615
719 3 -1.60535 13.6048 3.90327
728 5 -3.18934 14.6387 5.00725
720 3 -2.84601 13.6648 4.64885
721 3 -3.60606 12.4955 4.74762
716 3 -3.19766 11.2862 4.16659
754 4 -1.77296 8.67675 5.15189
701 3 -4.94449 12.8517 1.8122
700 3 -4.39546 11.5637 1.56206
705 3 -3.08103 11.5811 0.899858
708 4 -4.53329 9.57058 1.76905
714 2 -5.39075 10.1553 3.44396
738 4 -5.50446 9.33628 5.7469
755 4 -1.87845 9.75599 6.13367
715 2 -4.10591 10.0043 4.30694
729 5 -4.65876 12.4971 4.935
739 4 -4.47481 10.1822 6.39921
730 2 -4.53559 9.33137 5.70406
746 2 -2.01045 8.7082 6.24136
727 5 -1.0016 14.4879 3.78768
1098 5 0.277611 10.641 1.16374
1097 5 2.76603 11.2453 0.922005
1076 3 4.42889 14.295 0.156095
770 4 0.283876 7.66587 5.59078
762 2 0.454561 7.90123 6.65591
1092 3 1.49718 7.61286 1.67802
1090 3 1.05404 9.86546 1.14152
1091 3 0.607314 8.61883 1.31596
1082 5 3.25998 14.6082 3.29386
1089 3 2.45265 10.2051 1.20799
1102 2 5.71531 8.29286 0.603957
1111 4 6.76471 8.57995 0.439833
1110 4 5.73925 7.55211 1.40979
1077 3 5.5067 13.3697 0.433529
771 4 0.89755 8.9441 6.84716
1088 3 3.29755 9.21349 1.61124
1096 4 4.71745 10.0443 0.297644
1087 2 4.78285 9.44079 1.20606
1080 4 7.03972 11.2134 1.26923
1074 3 3.65828 14.232 2.40903
1072 3 5.46677 12.7368 1.69608
1095 4 4.7614 10.73 3.12985
1093 3 2.91488 7.90299 1.88506
1086 2 5.50356 10.187 2.43228
1071 2 6.35018 11.4438 2.04565
1073 3 4.43581 13.0845 2.51874
1094 4 6.03952 9.55159 3.16739
1081 5 4.55813 12.6776 3.56176
1070 2 7.33764 11.7628 3.16362
1079 4 6.66021 11.8947 4.11493
815 3 7.07848 8.35507 6.43197
823 5 7.26577 7.87695 5.54728
824 5 4.83349 8.93174 6.13313
816 3 5.79774 8.77062 6.75928
662 5 13.3529 9.77178 2.14153
654 3 14.5369 9.68358 2.10042
661 5 14.4606 10.682 0.400036
663 5 14.6891 8.55865 3.80375
1030 4 8.03896 14.3816 6.80202
1061 3 8.55279 14.1114 0.517471
1056 3 8.73424 13.0954 1.56857
1064 4 7.65784 14.1367 3.14134
1055 2 8.18008 13.2102 2.96159
1078 4 7.9419 10.9126 3.15827
1054 2 9.29758 13.229 3.94559
1062 4 9.13843 12.7063 4.84941
1057 3 9.67136 12.252 1.26146
1065 5 9.82408 11.3897 1.91961
1039 2 9.90225 14.6405 4.39845
1038 2 10.8609 14.6744 5.67551
1046 4 11.3784 13.6816 5.79551
1049 5 12.6159 14.6294 3.72096
1063 4 10.1352 12.6798 3.57794
814 3 8.19885 8.64295 7.31362
821 4 9.31705 9.61746 5.55331
822 4 9.44025 7.43938 6.15629
812 2 10.1715 9.37301 6.07561
820 4 10.435 10.1006 6.8542
811 1 11.0593 9.3083 5.49766
813 2 9.65433 8.15209 6.86859
1279 5 -9.52286 -12.1584 14.8118
1290 4 -12.9106 -10.2103 14.2753
144 5 -11.5037 -13.4284 10.0409
143 5 -13.8719 -14.0619 9.06457
1489 5 -13.1077 -10.8012 7.55192
1280 2 -11.8786 -9.96144 14.0628
1282 1 -10.9936 -8.48239 12.5379
1281 2 -11.9212 -8.69565 13.1133
1291 4 -12.0138 -7.81228 13.6817
1288 3 -14.1436 -8.03912 12.3433
1289 4 -11.4511 -10.6513 13.3879
151 3 -8.67325 -13.7523 13.0755
159 5 -8.89113 -12.7411 12.7936
152 3 -7.48637 -14.2579 13.5519
1283 3 -13.0384 -8.8112 11.995
1284 3 -13.0151 -9.78202 11.0636
1292 5 -12.1913 -10.4373 11.079
1285 3 -14.1178 -9.91202 10.3118
1293 5 -13.999 -10.784 9.67167
158 5 -10.7413 -14.431 12.5407
135 3 -13.3312 -14.796 9.55866
136 3 -11.9279 -14.4553 9.86804
150 3 -9.77838 -14.7172 13.0333
160 5 -6.73813 -13.4938 13.6658
334 4 7.09841 -8.45051 8.09227
290 5 1.12165 -8.10985 14.1699
1015 4 6.55711 -13.7118 7.84491
983 4 2.88856 -12.0603 11.5564
974 2 3.7036 -12.4553 10.8493
973 1 4.15005 -13.3195 11.4043
989 5 2.61902 -10.6199 9.47031
981 3 3.24914 -9.71327 9.79745
975 2 4.85448 -11.3753 10.6018
990 2 5.69335 -11.714 9.37379
998 4 5.01904 -12.0982 8.79278
999 4 5.86139 -10.8679 8.84574
976 3 4.35922 -9.92034 10.4635
978 3 4.66881 -7.5434 10.4474
977 3 5.13714 -8.87548 10.9161
985 5 6.07684 -9.07775 11.4959
991 2 7.04009 -12.4989 9.6219
984 4 5.48125 -11.2342 11.4431
982 4 3.13705 -12.8789 9.96583
1000 4 6.76382 -13.2709 10.4338
980 3 2.83411 -8.44698 9.29593
988 5 1.89272 -8.39415 8.74656
648 5 13.1085 -14.2951 14.0746
647 5 12.0044 -11.8412 14.2512
1295 5 13.5698 -7.61768 11.6242
326 2 7.68051 -7.51574 8.30146
325 1 8.57385 -7.65532 8.74086
1006 2 7.43512 -13.2928 8.27394
1014 4 8.03886 -12.7554 7.57398
1016 4 9.13084 -13.8793 9.26454
992 3 8.0756 -11.6056 10.0173
993 3 8.25624 -11.3991 11.3114
1005 5 8.97992 -11.1563 8.11887
997 3 8.93866 -10.8742 9.16515
1024 3 11.5165 -14.1888 7.91691
1025 3 12.1899 -13.0022 7.80342
1004 5 10.274 -9.4899 8.76532
1026 3 12.9447 -12.5072 8.96023
1034 5 13.495 -11.5893 8.96012
996 3 9.76279 -9.94445 9.56617
995 3 9.71065 -9.47936 10.9369
1028 3 12.5945 -14.5476 10.1254
1003 5 10.4859 -8.76379 11.3045
1027 3 13.0809 -13.2542 10.124
1035 5 13.6979 -13.0423 10.9028
1287 3 14.433 -8.27668 11.4635
1286 3 14.4864 -9.16392 10.3764
1294 5 13.6131 -9.33281 9.74407
1007 2 8.52114 -14.4172 8.70189
1001 5 7.88848 -12.081 11.8602
994 3 9.0516 -10.3975 11.841
1002 5 9.38537 -10.1578 12.8985
64 5 -11.6186 -1.96552 7.53039
56 3 -10.5969 -1.49332 7.46591
57 3 -10.2524 -0.358355 8.16482
1506 5 -10.2958 -5.57707 7.53189
1296 5 -14.1339 -7.1419 13.0135
59 4 -7.53133 -0.32107 9.95429
891 5 -14.3193 -0.167001 13.3082
281 3 -0.304372 -6.60609 13.7323
26 4 -6.78462 -0.076036 14.8198
280 3 -1.38073 -5.74049 14.2453
288 5 -2.19339 -5.25238 13.5574
12 4 -4.52134 -0.320216 14.0711
43 4 -6.38012 -0.132709 12.389
986 5 5.31885 -6.62119 10.5738
282 3 0.392346 -7.40368 14.565
289 5 0.0830554 -6.56603 12.7704
335 4 7.2023 -6.98499 9.00786
337 5 7.33666 -4.74776 9.02297
987 5 3.31062 -6.40065 9.16011
979 3 3.49066 -7.30008 9.7717
889 5 11.6037 -2.41477 13.0137
881 3 12.119 -1.43294 13.1367
880 3 11.297 -0.239952 13.0773
329 3 7.95774 -4.39886 8.22261
338 5 8.41702 -2.50787 9.15741
330 3 8.50274 -3.08128 8.24837
888 5 10.2328 -0.509212 13.0961
872 5 11.763 -0.240957 8.48634
890 5 14.201 -2.21422 12.7039
882 3 13.5465 -1.33608 12.773
883 3 14.2281 -0.12773 12.9988
33 5 -7.41718 4.39123 14.0434
67 2 -9.45527 3.1999 7.46021
92 4 -7.78013 5.59349 7.43312
82 2 -9.75689 4.7075 7.60613
65 5 -10.9342 0.132864 9.02441
42 4 -8.10215 0.321774 12.6818
901 4 -13.7006 1.70308 14.3218
52 3 -8.91864 0.194588 8.00286
75 4 -10.4239 2.14176 9.28917
90 4 -9.57598 4.89981 8.6601
874 5 -13.8172 0.605763 7.52921
66 2 -9.4497 2.45954 8.88318
51 2 -8.39127 1.30338 8.87368
885 4 -14.1019 2.67475 11.8088
50 2 -8.13917 0.617331 10.2334
74 4 -9.08622 3.1987 9.71239
58 4 -9.09662 0.210936 10.5947
29 5 -9.50645 0.574869 14.4769
21 3 -9.242 1.59406 14.7172
44 4 -8.22021 2.42914 11.5157
20 3 -8.06632 2.31607 14.4073
875 5 -13.9377 2.53615 9.31961
111 5 -12.2782 5.22115 11.8986
60 4 -7.49713 1.59034 8.33591
35 2 -7.47536 1.61716 11.2897
25 3 -8.1717 3.70018 14.5585
112 5 -9.86349 6.04217 12.2481
866 3 -14.6782 0.872872 8.21002
867 3 -14.8166 1.89496 9.09889
103 3 -11.6112 5.64601 11.0431
110 5 -13.0382 5.32125 9.22231
102 3 -12.1471 5.96813 9.75755
104 3 -10.3414 6.25897 11.3463
100 3 -10.1695 7.30839 9.27039
105 3 -9.62682 7.05141 10.4778
101 3 -11.44 6.87204 8.86899
113 5 -8.62629 7.27281 10.6878
892 2 -14.5542 2.41091 14.6082
900 4 -14.0757 3.42699 14.5824
869 4 -14.7936 4.44259 9.85845
109 5 -11.8146 7.13857 7.84705
1456 5 -7.64384 6.19814 13.0848
6 3 -1.81974 2.75059 14.0276
745 5 -4.02628 5.9895 7.78436
13 5 -2.73134 1.20271 12.8636
34 2 -7.07375 0.724892 12.4489
19 2 -6.84276 1.65708 13.7164
18 2 -6.28729 0.84822 14.8266
14 5 -0.924276 2.97583 13.3677
5 3 -2.75185 1.73604 13.8679
49 5 -5.54466 0.132596 9.77281
48 5 -3.10625 0.802097 9.49147
40 3 -3.94731 1.49423 9.7713
41 3 -5.26501 1.13869 9.93825
47 5 -2.48092 3.06046 9.63068
39 3 -3.52218 2.7477 9.90894
38 3 -4.41746 3.63977 10.1446
46 5 -4.2242 4.7069 10.2834
36 3 -6.12849 1.99592 10.6698
37 3 -5.68991 3.34639 10.555
45 5 -6.08774 4.07914 11.1138
28 4 -6.28721 2.54625 13.3473
1457 5 -5.09492 5.99531 12.8669
787 4 -0.0322952 5.8319 8.59935
761 5 -2.67732 6.30491 9.33109
753 3 -2.14731 7.23901 9.57579
760 5 -2.8062 6.82639 11.401
1449 3 -5.54089 6.71118 13.5596
1448 3 -6.93562 6.83314 13.5803
804 4 0.0147694 3.16048 9.11629
806 5 1.87809 0.368163 7.67232
777 5 3.9993 6.83836 7.76665
778 2 0.634075 5.39879 7.77347
794 2 0.679035 2.80832 8.43921
779 2 1.46793 4.19246 8.28638
793 5 3.80764 3.19661 8.88592
533 5 0.878449 0.151867 13.7051
534 5 1.14515 2.72424 13.9123
525 3 1.24403 0.504206 14.6289
526 3 1.27748 1.98471 14.7882
803 4 1.24164 2.06273 8.97001
789 5 1.06898 6.42581 10.317
790 5 2.62226 6.92049 12.0872
782 3 2.84645 6.05494 11.4777
783 3 4.03198 5.23573 11.6504
791 5 4.59727 5.19021 12.5206
780 3 2.23596 4.55714 9.54057
781 3 1.9557 5.69958 10.4096
785 3 3.42573 3.9351 9.64075
792 5 5.29902 3.93948 10.7994
784 3 4.35758 4.31349 10.647
772 4 1.67789 7.29914 8.2123
841 5 6.9982 2.82067 8.43451
590 3 8.77102 5.79157 14.1609
598 5 9.18165 4.94188 13.7532
846 3 13.412 3.97854 7.50648
865 3 13.8158 0.0601884 7.87074
868 4 13.5026 5.30574 10.5917
878 3 13.4128 1.0205 12.99
884 4 14.7602 4.10812 12.4488
876 2 14.5684 3.09966 12.1567
877 2 13.9717 2.39996 13.4137
860 2 13.83 4.34801 10.0476
861 2 13.5489 3.17933 10.9327
887 5 11.4313 1.83542 13.1797
886 4 13.2042 3.08922 13.6796
879 3 11.9598 0.978792 13.1363
864 3 12.7152 0.413824 8.53893
854 4 11.9706 3.96046 9.01054
845 2 12.9012 4.42749 8.77321
862 3 13.6675 2.06646 9.89821
863 3 12.593 1.27282 9.53191
871 5 11.6871 1.40877 10.1306
870 4 12.5664 3.2771 11.3067
597 5 8.09932 6.78675 12.3335
853 4 13.4219 6.58568 8.42922
844 2 12.5036 6.01006 8.77878
852 4 12.0116 6.39321 9.65604
589 3 8.24666 6.8655 13.394
832 3 8.63947 3.90622 9.5133
833 3 8.00512 3.28522 8.37673
839 5 10.1344 5.51895 10.1971
830 3 10.1332 5.18815 8.0969
829 2 11.2919 6.32303 7.78345
831 3 9.6577 5.03059 9.3703
840 5 8.09557 3.57607 10.4218
123 4 -10.657 9.90425 7.54526
108 4 -8.37317 7.8627 8.64154
99 2 -9.35619 8.09447 8.29207
134 3 -13.8616 13.5938 9.84048
133 3 -12.9796 12.7021 10.4872
137 3 -11.0498 14.2735 10.3169
157 4 -11.8724 12.8914 13.5671
630 5 -14.5882 9.10245 12.5879
114 2 -9.70914 9.58932 7.97633
115 2 -9.52669 10.7063 8.95818
124 4 -9.8695 11.4662 8.40281
141 5 -13.5734 11.7254 10.6597
138 4 -10.1817 9.66874 10.6971
139 4 -11.4448 10.4585 9.7424
146 2 -10.9664 11.2831 12.5614
155 4 -11.87 10.6944 12.5458
130 2 -10.4198 10.5786 10.2003
131 2 -10.6279 11.91 11.1573
140 4 -9.71824 12.4827 11.3046
132 3 -11.6124 13.0406 10.6141
145 5 -9.95038 14.4532 10.3494
148 1 -10.9496 11.7963 14.372
147 2 -10.9469 12.4329 13.5268
156 4 -10.1683 10.6586 12.8767
154 3 -8.29469 13.0715 13.5958
162 5 -8.19 11.9905 13.7075
149 3 -9.61905 13.4455 13.3778
1455 5 -8.52313 7.75286 14.4887
125 5 -8.57614 13.0899 8.08541
117 3 -7.77424 12.3641 8.52702
116 3 -8.13381 11.136 9.14337
129 5 -7.67861 9.3538 10.0239
1447 3 -7.42397 7.77128 14.469
1452 4 -3.05809 10.1077 14.4517
1451 4 -4.58619 11.0842 14.4597
1428 3 -2.03152 12.5537 14.783
1433 3 -0.710067 11.9931 14.8119
1431 3 -0.0478793 12.9934 12.6444
1458 5 -3.56409 7.42935 14.0068
752 3 -2.21285 7.55595 10.9601
126 5 -6.17443 13.514 7.87917
118 3 -6.47368 12.712 8.45044
1450 3 -4.63112 7.51687 14.2603
121 3 -7.23304 10.358 9.68454
127 5 -4.47757 12.008 9.16429
749 3 -0.588446 9.0999 9.28604
748 3 -1.31811 8.04418 8.66429
119 3 -5.53042 11.8993 9.05099
120 3 -5.88758 10.608 9.63349
161 5 -6.34442 13.563 14.3326
750 3 -0.585873 9.45124 10.6937
153 3 -7.22727 14.0185 13.8729
128 5 -5.10076 9.84762 10.0453
751 3 -1.52898 8.6735 11.52
759 5 -1.71534 9.12416 12.4889
1437 5 -3.46066 13.22 13.3535
1429 3 -2.37527 13.1303 13.5109
1430 3 -1.48032 13.1551 12.3891
1438 5 -1.83648 13.7243 11.5039
1432 3 0.216035 12.2242 13.7623
1440 5 1.19046 11.656 13.7413
757 5 0.0956376 9.55548 8.61706
825 5 4.60391 9.68767 8.28497
826 5 6.4623 10.1146 9.86144
817 3 5.52051 9.36454 7.97113
818 3 6.63796 9.59976 8.86056
1017 5 6.26739 14.177 8.92115
1018 5 5.13679 12.5775 10.5807
1010 3 6.15779 12.9239 10.6808
1009 3 6.83974 13.6636 9.6318
1019 5 6.57565 12.204 12.7659
1011 3 6.90458 12.7749 11.8809
758 5 0.0671058 10.196 11.0964
1439 5 0.588871 12.8616 11.8004
631 5 14.8214 9.63534 14.789
634 1 13.1013 13.1205 14.6995
623 3 14.0595 10.02 14.2404
618 3 12.9263 10.5445 14.8177
1029 3 11.8139 14.6731 9.055
1036 5 12.9802 14.4907 10.87
142 5 14.7498 13.2763 9.59212
622 3 14.1038 9.74903 12.8368
1022 2 9.02773 14.5417 7.50194
1012 3 8.19831 13.2497 11.9833
1020 5 8.83531 12.8342 12.6724
1031 4 9.25672 13.5211 7.67058
1008 3 8.02008 14.3031 9.79929
1013 3 8.81911 14.0959 10.9565
1021 5 9.88752 14.451 11.0905
619 3 11.7096 10.6474 13.9404
627 5 10.8116 11.1908 14.4233
588 3 8.08459 8.03864 13.97
827 5 8.6344 9.27391 9.41593
819 3 7.95965 9.18213 8.57204
1037 5 11.159 13.7283 9.09135
837 4 10.14 7.73869 8.89256
836 4 11.5247 8.30638 7.77205
828 2 10.7284 7.72089 7.98553
629 5 12.9034 9.38687 10.987
621 3 12.9216 9.73073 12.1264
620 3 11.7357 10.2577 12.6879
628 5 10.7764 10.2785 12.1534
596 5 7.81379 8.82639 13.2238
